1111111
1111112
1111113
1111121
1111122
1111123
1111131
1111132
1111133
1111211
1111212
1111213
1111221
1111222
1111223
1111231
1111232
1111233
1111311
1111312
1111313
1111321
1111322
1111323
1111331
1111332
1111333
1112111
1112112
1112113
1112121
1112122
1112123
1112131
1112132
1112133
1112211
1112212
1112213
1112221
1112222
1112223
1112231
1112232
1112233
1112311
1112312
1112313
1112321
1112322
1112323
1112331
1112332
1112333
1113111
1113112
1113113
1113121
1113122
1113123
1113131
1113132
1113133
1113211
1113212
1113213
1113221
1113222
1113223
1113231
1113232
1113233
1113311
1113312
1113313
1113321
1113322
1113323
1113331
1113332
1113333
1121111
1121112
1121113
1121121
1121122
1121123
1121131
1121132
1121133
1121211
1121212
1121213
1121221
1121222
1121223
1121231
1121232
1121233
1121311
1121312
1121313
1121321
1121322
1121323
1121331
1121332
1121333
1122111
1122112
1122113
1122121
1122122
1122123
1122131
1122132
1122133
1122211
1122212
1122213
1122221
1122222
1122223
1122231
1122232
1122233
1122311
1122312
1122313
1122321
1122322
1122323
1122331
1122332
1122333
1123111
1123112
1123113
1123121
1123122
1123123
1123131
1123132
1123133
1123211
1123212
1123213
1123221
1123222
1123223
1123231
1123232
1123233
1123311
1123312
1123313
1123321
1123322
1123323
1123331
1123332
1123333
1131111
1131112
1131113
1131121
1131122
1131123
1131131
1131132
1131133
1131211
1131212
1131213
1131221
1131222
1131223
1131231
1131232
1131233
1131311
1131312
1131313
1131321
1131322
1131323
1131331
1131332
1131333
1132111
1132112
1132113
1132121
1132122
1132123
1132131
1132132
1132133
1132211
1132212
1132213
1132221
1132222
1132223
1132231
1132232
1132233
1132311
1132312
1132313
1132321
1132322
1132323
1132331
1132332
1132333
1133111
1133112
1133113
1133121
1133122
1133123
1133131
1133132
1133133
1133211
1133212
1133213
1133221
1133222
1133223
1133231
1133232
1133233
1133311
1133312
1133313
1133321
1133322
1133323
1133331
1133332
1133333
1211111
1211112
1211113
1211121
1211122
1211123
1211131
1211132
1211133
1211211
1211212
1211213
1211221
1211222
1211223
1211231
1211232
1211233
1211311
1211312
1211313
1211321
1211322
1211323
1211331
1211332
1211333
1212111
1212112
1212113
1212121
1212122
1212123
1212131
1212132
1212133
1212211
1212212
1212213
1212221
1212222
1212223
1212231
1212232
1212233
1212311
1212312
1212313
1212321
1212322
1212323
1212331
1212332
1212333
1213111
1213112
1213113
1213121
1213122
1213123
1213131
1213132
1213133
1213211
1213212
1213213
1213221
1213222
1213223
1213231
1213232
1213233
1213311
1213312
1213313
1213321
1213322
1213323
1213331
1213332
1213333
1221111
1221112
1221113
1221121
1221122
1221123
1221131
1221132
1221133
1221211
1221212
1221213
1221221
1221222
1221223
1221231
1221232
1221233
1221311
1221312
1221313
1221321
1221322
1221323
1221331
1221332
1221333
1222111
1222112
1222113
1222121
1222122
1222123
1222131
1222132
1222133
1222211
1222212
1222213
1222221
1222222
1222223
1222231
1222232
1222233
1222311
1222312
1222313
1222321
1222322
1222323
1222331
1222332
1222333
1223111
1223112
1223113
1223121
1223122
1223123
1223131
1223132
1223133
1223211
1223212
1223213
1223221
1223222
1223223
1223231
1223232
1223233
1223311
1223312
1223313
1223321
1223322
1223323
1223331
1223332
1223333
1231111
1231112
1231113
1231121
1231122
1231123
1231131
1231132
1231133
1231211
1231212
1231213
1231221
1231222
1231223
1231231
1231232
1231233
1231311
1231312
1231313
1231321
1231322
1231323
1231331
1231332
1231333
1232111
1232112
1232113
1232121
1232122
1232123
1232131
1232132
1232133
1232211
1232212
1232213
1232221
1232222
1232223
1232231
1232232
1232233
1232311
1232312
1232313
1232321
1232322
1232323
1232331
1232332
1232333
1233111
1233112
1233113
1233121
1233122
1233123
1233131
1233132
1233133
1233211
1233212
1233213
1233221
1233222
1233223
1233231
1233232
1233233
1233311
1233312
1233313
1233321
1233322
1233323
1233331
1233332
1233333
1311111
1311112
1311113
1311121
1311122
1311123
1311131
1311132
1311133
1311211
1311212
1311213
1311221
1311222
1311223
1311231
1311232
1311233
1311311
1311312
1311313
1311321
1311322
1311323
1311331
1311332
1311333
1312111
1312112
1312113
1312121
1312122
1312123
1312131
1312132
1312133
1312211
1312212
1312213
1312221
1312222
1312223
1312231
1312232
1312233
1312311
1312312
1312313
1312321
1312322
1312323
1312331
1312332
1312333
1313111
1313112
1313113
1313121
1313122
1313123
1313131
1313132
1313133
1313211
1313212
1313213
1313221
1313222
1313223
1313231
1313232
1313233
1313311
1313312
1313313
1313321
1313322
1313323
1313331
1313332
1313333
1321111
1321112
1321113
1321121
1321122
1321123
1321131
1321132
1321133
1321211
1321212
1321213
1321221
1321222
1321223
1321231
1321232
1321233
1321311
1321312
1321313
1321321
1321322
1321323
1321331
1321332
1321333
1322111
1322112
1322113
1322121
1322122
1322123
1322131
1322132
1322133
1322211
1322212
1322213
1322221
1322222
1322223
1322231
1322232
1322233
1322311
1322312
1322313
1322321
1322322
1322323
1322331
1322332
1322333
1323111
1323112
1323113
1323121
1323122
1323123
1323131
1323132
1323133
1323211
1323212
1323213
1323221
1323222
1323223
1323231
1323232
1323233
1323311
1323312
1323313
1323321
1323322
1323323
1323331
1323332
1323333
1331111
1331112
1331113
1331121
1331122
1331123
1331131
1331132
1331133
1331211
1331212
1331213
1331221
1331222
1331223
1331231
1331232
1331233
1331311
1331312
1331313
1331321
1331322
1331323
1331331
1331332
1331333
1332111
1332112
1332113
1332121
1332122
1332123
1332131
1332132
1332133
1332211
1332212
1332213
1332221
1332222
1332223
1332231
1332232
1332233
1332311
1332312
1332313
1332321
1332322
1332323
1332331
1332332
1332333
1333111
1333112
1333113
1333121
1333122
1333123
1333131
1333132
1333133
1333211
1333212
1333213
1333221
1333222
1333223
1333231
1333232
1333233
1333311
1333312
1333313
1333321
1333322
1333323
1333331
1333332
1333333
2111111
2111112
2111113
2111121
2111122
2111123
2111131
2111132
2111133
2111211
2111212
2111213
2111221
2111222
2111223
2111231
2111232
2111233
2111311
2111312
2111313
2111321
2111322
2111323
2111331
2111332
2111333
2112111
2112112
2112113
2112121
2112122
2112123
2112131
2112132
2112133
2112211
2112212
2112213
2112221
2112222
2112223
2112231
2112232
2112233
2112311
2112312
2112313
2112321
2112322
2112323
2112331
2112332
2112333
2113111
2113112
2113113
2113121
2113122
2113123
2113131
2113132
2113133
2113211
2113212
2113213
2113221
2113222
2113223
2113231
2113232
2113233
2113311
2113312
2113313
2113321
2113322
2113323
2113331
2113332
2113333
2121111
2121112
2121113
2121121
2121122
2121123
2121131
2121132
2121133
2121211
2121212
2121213
2121221
2121222
2121223
2121231
2121232
2121233
2121311
2121312
2121313
2121321
2121322
2121323
2121331
2121332
2121333
2122111
2122112
2122113
2122121
2122122
2122123
2122131
2122132
2122133
2122211
2122212
2122213
2122221
2122222
2122223
2122231
2122232
2122233
2122311
2122312
2122313
2122321
2122322
2122323
2122331
2122332
2122333
2123111
2123112
2123113
2123121
2123122
2123123
2123131
2123132
2123133
2123211
2123212
2123213
2123221
2123222
2123223
2123231
2123232
2123233
2123311
2123312
2123313
2123321
2123322
2123323
2123331
2123332
2123333
2131111
2131112
2131113
2131121
2131122
2131123
2131131
2131132
2131133
2131211
2131212
2131213
2131221
2131222
2131223
2131231
2131232
2131233
2131311
2131312
2131313
2131321
2131322
2131323
2131331
2131332
2131333
2132111
2132112
2132113
2132121
2132122
2132123
2132131
2132132
2132133
2132211
2132212
2132213
2132221
2132222
2132223
2132231
2132232
2132233
2132311
2132312
2132313
2132321
2132322
2132323
2132331
2132332
2132333
2133111
2133112
2133113
2133121
2133122
2133123
2133131
2133132
2133133
2133211
2133212
2133213
2133221
2133222
2133223
2133231
2133232
2133233
2133311
2133312
2133313
2133321
2133322
2133323
2133331
2133332
2133333
2211111
2211112
2211113
2211121
2211122
2211123
2211131
2211132
2211133
2211211
2211212
2211213
2211221
2211222
2211223
2211231
2211232
2211233
2211311
2211312
2211313
2211321
2211322
2211323
2211331
2211332
2211333
2212111
2212112
2212113
2212121
2212122
2212123
2212131
2212132
2212133
2212211
2212212
2212213
2212221
2212222
2212223
2212231
2212232
2212233
2212311
2212312
2212313
2212321
2212322
2212323
2212331
2212332
2212333
2213111
2213112
2213113
2213121
2213122
2213123
2213131
2213132
2213133
2213211
2213212
2213213
2213221
2213222
2213223
2213231
2213232
2213233
2213311
2213312
2213313
2213321
2213322
2213323
2213331
2213332
2213333
2221111
2221112
2221113
2221121
2221122
2221123
2221131
2221132
2221133
2221211
2221212
2221213
2221221
2221222
2221223
2221231
2221232
2221233
2221311
2221312
2221313
2221321
2221322
2221323
2221331
2221332
2221333
2222111
2222112
2222113
2222121
2222122
2222123
2222131
2222132
2222133
2222211
2222212
2222213
2222221
2222222
2222223
2222231
2222232
2222233
2222311
2222312
2222313
2222321
2222322
2222323
2222331
2222332
2222333
2223111
2223112
2223113
2223121
2223122
2223123
2223131
2223132
2223133
2223211
2223212
2223213
2223221
2223222
2223223
2223231
2223232
2223233
2223311
2223312
2223313
2223321
2223322
2223323
2223331
2223332
2223333
2231111
2231112
2231113
2231121
2231122
2231123
2231131
2231132
2231133
2231211
2231212
2231213
2231221
2231222
2231223
2231231
2231232
2231233
2231311
2231312
2231313
2231321
2231322
2231323
2231331
2231332
2231333
2232111
2232112
2232113
2232121
2232122
2232123
2232131
2232132
2232133
2232211
2232212
2232213
2232221
2232222
2232223
2232231
2232232
2232233
2232311
2232312
2232313
2232321
2232322
2232323
2232331
2232332
2232333
2233111
2233112
2233113
2233121
2233122
2233123
2233131
2233132
2233133
2233211
2233212
2233213
2233221
2233222
2233223
2233231
2233232
2233233
2233311
2233312
2233313
2233321
2233322
2233323
2233331
2233332
2233333
2311111
2311112
2311113
2311121
2311122
2311123
2311131
2311132
2311133
2311211
2311212
2311213
2311221
2311222
2311223
2311231
2311232
2311233
2311311
2311312
2311313
2311321
2311322
2311323
2311331
2311332
2311333
2312111
2312112
2312113
2312121
2312122
2312123
2312131
2312132
2312133
2312211
2312212
2312213
2312221
2312222
2312223
2312231
2312232
2312233
2312311
2312312
2312313
2312321
2312322
2312323
2312331
2312332
2312333
2313111
2313112
2313113
2313121
2313122
2313123
2313131
2313132
2313133
2313211
2313212
2313213
2313221
2313222
2313223
2313231
2313232
2313233
2313311
2313312
2313313
2313321
2313322
2313323
2313331
2313332
2313333
2321111
2321112
2321113
2321121
2321122
2321123
2321131
2321132
2321133
2321211
2321212
2321213
2321221
2321222
2321223
2321231
2321232
2321233
2321311
2321312
2321313
2321321
2321322
2321323
2321331
2321332
2321333
2322111
2322112
2322113
2322121
2322122
2322123
2322131
2322132
2322133
2322211
2322212
2322213
2322221
2322222
2322223
2322231
2322232
2322233
2322311
2322312
2322313
2322321
2322322
2322323
2322331
2322332
2322333
2323111
2323112
2323113
2323121
2323122
2323123
2323131
2323132
2323133
2323211
2323212
2323213
2323221
2323222
2323223
2323231
2323232
2323233
2323311
2323312
2323313
2323321
2323322
2323323
2323331
2323332
2323333
2331111
2331112
2331113
2331121
2331122
2331123
2331131
2331132
2331133
2331211
2331212
2331213
2331221
2331222
2331223
2331231
2331232
2331233
2331311
2331312
2331313
2331321
2331322
2331323
2331331
2331332
2331333
2332111
2332112
2332113
2332121
2332122
2332123
2332131
2332132
2332133
2332211
2332212
2332213
2332221
2332222
2332223
2332231
2332232
2332233
2332311
2332312
2332313
2332321
2332322
2332323
2332331
2332332
2332333
2333111
2333112
2333113
2333121
2333122
2333123
2333131
2333132
2333133
2333211
2333212
2333213
2333221
2333222
2333223
2333231
2333232
2333233
2333311
2333312
2333313
2333321
2333322
2333323
2333331
2333332
2333333
3111111
3111112
3111113
3111121
3111122
3111123
3111131
3111132
3111133
3111211
3111212
3111213
3111221
3111222
3111223
3111231
3111232
3111233
3111311
3111312
3111313
3111321
3111322
3111323
3111331
3111332
3111333
3112111
3112112
3112113
3112121
3112122
3112123
3112131
3112132
3112133
3112211
3112212
3112213
3112221
3112222
3112223
3112231
3112232
3112233
3112311
3112312
3112313
3112321
3112322
3112323
3112331
3112332
3112333
3113111
3113112
3113113
3113121
3113122
3113123
3113131
3113132
3113133
3113211
3113212
3113213
3113221
3113222
3113223
3113231
3113232
3113233
3113311
3113312
3113313
3113321
3113322
3113323
3113331
3113332
3113333
3121111
3121112
3121113
3121121
3121122
3121123
3121131
3121132
3121133
3121211
3121212
3121213
3121221
3121222
3121223
3121231
3121232
3121233
3121311
3121312
3121313
3121321
3121322
3121323
3121331
3121332
3121333
3122111
3122112
3122113
3122121
3122122
3122123
3122131
3122132
3122133
3122211
3122212
3122213
3122221
3122222
3122223
3122231
3122232
3122233
3122311
3122312
3122313
3122321
3122322
3122323
3122331
3122332
3122333
3123111
3123112
3123113
3123121
3123122
3123123
3123131
3123132
3123133
3123211
3123212
3123213
3123221
3123222
3123223
3123231
3123232
3123233
3123311
3123312
3123313
3123321
3123322
3123323
3123331
3123332
3123333
3131111
3131112
3131113
3131121
3131122
3131123
3131131
3131132
3131133
3131211
3131212
3131213
3131221
3131222
3131223
3131231
3131232
3131233
3131311
3131312
3131313
3131321
3131322
3131323
3131331
3131332
3131333
3132111
3132112
3132113
3132121
3132122
3132123
3132131
3132132
3132133
3132211
3132212
3132213
3132221
3132222
3132223
3132231
3132232
3132233
3132311
3132312
3132313
3132321
3132322
3132323
3132331
3132332
3132333
3133111
3133112
3133113
3133121
3133122
3133123
3133131
3133132
3133133
3133211
3133212
3133213
3133221
3133222
3133223
3133231
3133232
3133233
3133311
3133312
3133313
3133321
3133322
3133323
3133331
3133332
3133333
3211111
3211112
3211113
3211121
3211122
3211123
3211131
3211132
3211133
3211211
3211212
3211213
3211221
3211222
3211223
3211231
3211232
3211233
3211311
3211312
3211313
3211321
3211322
3211323
3211331
3211332
3211333
3212111
3212112
3212113
3212121
3212122
3212123
3212131
3212132
3212133
3212211
3212212
3212213
3212221
3212222
3212223
3212231
3212232
3212233
3212311
3212312
3212313
3212321
3212322
3212323
3212331
3212332
3212333
3213111
3213112
3213113
3213121
3213122
3213123
3213131
3213132
3213133
3213211
3213212
3213213
3213221
3213222
3213223
3213231
3213232
3213233
3213311
3213312
3213313
3213321
3213322
3213323
3213331
3213332
3213333
3221111
3221112
3221113
3221121
3221122
3221123
3221131
3221132
3221133
3221211
3221212
3221213
3221221
3221222
3221223
3221231
3221232
3221233
3221311
3221312
3221313
3221321
3221322
3221323
3221331
3221332
3221333
3222111
3222112
3222113
3222121
3222122
3222123
3222131
3222132
3222133
3222211
3222212
3222213
3222221
3222222
3222223
3222231
3222232
3222233
3222311
3222312
3222313
3222321
3222322
3222323
3222331
3222332
3222333
3223111
3223112
3223113
3223121
3223122
3223123
3223131
3223132
3223133
3223211
3223212
3223213
3223221
3223222
3223223
3223231
3223232
3223233
3223311
3223312
3223313
3223321
3223322
3223323
3223331
3223332
3223333
3231111
3231112
3231113
3231121
3231122
3231123
3231131
3231132
3231133
3231211
3231212
3231213
3231221
3231222
3231223
3231231
3231232
3231233
3231311
3231312
3231313
3231321
3231322
3231323
3231331
3231332
3231333
3232111
3232112
3232113
3232121
3232122
3232123
3232131
3232132
3232133
3232211
3232212
3232213
3232221
3232222
3232223
3232231
3232232
3232233
3232311
3232312
3232313
3232321
3232322
3232323
3232331
3232332
3232333
3233111
3233112
3233113
3233121
3233122
3233123
3233131
3233132
3233133
3233211
3233212
3233213
3233221
3233222
3233223
3233231
3233232
3233233
3233311
3233312
3233313
3233321
3233322
3233323
3233331
3233332
3233333
3311111
3311112
3311113
3311121
3311122
3311123
3311131
3311132
3311133
3311211
3311212
3311213
3311221
3311222
3311223
3311231
3311232
3311233
3311311
3311312
3311313
3311321
3311322
3311323
3311331
3311332
3311333
3312111
3312112
3312113
3312121
3312122
3312123
3312131
3312132
3312133
3312211
3312212
3312213
3312221
3312222
3312223
3312231
3312232
3312233
3312311
3312312
3312313
3312321
3312322
3312323
3312331
3312332
3312333
3313111
3313112
3313113
3313121
3313122
3313123
3313131
3313132
3313133
3313211
3313212
3313213
3313221
3313222
3313223
3313231
3313232
3313233
3313311
3313312
3313313
3313321
3313322
3313323
3313331
3313332
3313333
3321111
3321112
3321113
3321121
3321122
3321123
3321131
3321132
3321133
3321211
3321212
3321213
3321221
3321222
3321223
3321231
3321232
3321233
3321311
3321312
3321313
3321321
3321322
3321323
3321331
3321332
3321333
3322111
3322112
3322113
3322121
3322122
3322123
3322131
3322132
3322133
3322211
3322212
3322213
3322221
3322222
3322223
3322231
3322232
3322233
3322311
3322312
3322313
3322321
3322322
3322323
3322331
3322332
3322333
3323111
3323112
3323113
3323121
3323122
3323123
3323131
3323132
3323133
3323211
3323212
3323213
3323221
3323222
3323223
3323231
3323232
3323233
3323311
3323312
3323313
3323321
3323322
3323323
3323331
3323332
3323333
3331111
3331112
3331113
3331121
3331122
3331123
3331131
3331132
3331133
3331211
3331212
3331213
3331221
3331222
3331223
3331231
3331232
3331233
3331311
3331312
3331313
3331321
3331322
3331323
3331331
3331332
3331333
3332111
3332112
3332113
3332121
3332122
3332123
3332131
3332132
3332133
3332211
3332212
3332213
3332221
3332222
3332223
3332231
3332232
3332233
3332311
3332312
3332313
3332321
3332322
3332323
3332331
3332332
3332333
3333111
3333112
3333113
3333121
3333122
3333123
3333131
3333132
3333133
3333211
3333212
3333213
3333221
3333222
3333223
3333231
3333232
3333233
3333311
3333312
3333313
3333321
3333322
3333323
3333331
3333332
3333333
